{
 "cells": [
  {
   "cell_type": "code",
   "execution_count": 3,
   "metadata": {
    "collapsed": false
   },
   "outputs": [],
   "source": [
    "import numpy as np\n",
    "import scipy.stats as st\n",
    "import scipy.special as sp\n",
    "import math\n",
    "import matplotlib.pyplot as plt\n",
    "from scipy.stats import invwishart\n",
    "from scipy.stats import multivariate_normal\n",
    "from numpy import matrix\n",
    "from numpy import linalg\n",
    "from numpy import arange\n",
    "from math import exp, expm1, pi,sin"
   ]
  },
  {
   "cell_type": "code",
   "execution_count": 4,
   "metadata": {
    "collapsed": false
   },
   "outputs": [],
   "source": [
    "def transmatrix(dimension):\n",
    "    Xmatrix=[]\n",
    "    if dimension==2:\n",
    "        Xmatrix=np.matrix(((1,1,1,0), (1,1,-1,0),(1,-1,0,1),(1,-1,0,-1)))\n",
    "    return Xmatrix"
   ]
  },
  {
   "cell_type": "code",
   "execution_count": 5,
   "metadata": {
    "collapsed": false
   },
   "outputs": [
    {
     "data": {
      "text/plain": [
       "matrix([[4, 0, 0, 0],\n",
       "        [0, 4, 0, 0],\n",
       "        [0, 0, 2, 0],\n",
       "        [0, 0, 0, 2]])"
      ]
     },
     "execution_count": 5,
     "metadata": {},
     "output_type": "execute_result"
    }
   ],
   "source": [
    "X=transmatrix(2)\n",
    "XT=X.transpose()\n",
    "XT*X"
   ]
  },
  {
   "cell_type": "code",
   "execution_count": 6,
   "metadata": {
    "collapsed": false
   },
   "outputs": [],
   "source": [
    "#DataX=X-coordinate values of time series data \n",
    "def SigmaGPGen(DataX):\n",
    "    dim=len(DataX)\n",
    "    SigmaGP=np.zeros((dim,dim))\n",
    "    for i in range(0,dim):\n",
    "        for j in range(0,dim):\n",
    "            SigmaGP[i,j]=exp(-0.5*(abs(DataX[i]-DataX[j])/1)**2)\n",
    "    return SigmaGP"
   ]
  },
  {
   "cell_type": "code",
   "execution_count": 7,
   "metadata": {
    "collapsed": false
   },
   "outputs": [],
   "source": [
    "def gpfunction(size):\n",
    "    x=arange(1,size+1)/size\n",
    "    y=np.sin(2*np.pi*x)\n",
    "    return y"
   ]
  },
  {
   "cell_type": "code",
   "execution_count": 8,
   "metadata": {
    "collapsed": false
   },
   "outputs": [
    {
     "data": {
      "image/png": "iVBORw0KGgoAAAANSUhEUgAAAhcAAAFkCAYAAACThxm6AAAABHNCSVQICAgIfAhkiAAAAAlwSFlz\nAAAPYQAAD2EBqD+naQAAIABJREFUeJzt3X2UVNd9p/tnd6stW9AgOcogGbfUrYwnweMrOUK+McKS\n4xECZC9eZOSbIX5LZtZMsmSMIhknzoANimEsW4CEM62RbpIbexKHlUTECKwXhIPHihHCDkRx7IXj\nLIkeEySw3hAFkqyme98/qgqKoqq7uqlTdU7V81mr1oLqU1W7T+3T9atz9v7uEGNEkiSpXjqa3QBJ\nktRaLC4kSVJdWVxIkqS6sriQJEl1ZXEhSZLqyuJCkiTVlcWFJEmqK4sLSZJUVxYXkiSpriwuJElS\nXSVaXIQQrgkhbAkhHAwhDIcQ5tfwmF8NIewJIbwWQvhxCOHjSbZRkiTVV9JnLiYATwI3A6MuYhJC\n6AW+AfwtcAWwAfjjEML1yTVRkiTVU2jUwmUhhGFgYYxxywjbfBG4IcZ4ecl9G4HJMcb3N6CZkiTp\nLKVtzMW7gW+W3bcNmNGEtkiSpHE4p9kNKHMRcLjsvsPApBDCuTHGn5U/IITwc8AcYAB4LfEWSpLU\nOt4I9ALbYowv1OtJ01ZcjMcc4GvNboQkSRn2YeAv6vVkaSsuDgFTyu6bAhytdNaiYADgz//8z5k2\nbVqCTVOpW2+9lbvuuovjx4/zZ/39PPnYY7zpxAmeOX6cJa+8wjWF7X4b+J9AKPw/ArcBd5U9X+l2\ntWxTdC9wOXB1yX3HgT8DdgNdb3wjHRdcwDuvvZaPfuITTJgw4Wx+7aYq7nM1jvu88dznjbVv3z4+\n8pGPQOGztF7SVlzsAm4ou2924f5qXgOYNm0aV155ZVLtUpnJkyfztre9jUUzZnDbvn3cNzxMAGYB\nSzlVJFwMTC97bBfwy5xeJNwAPAfMrbJNted6GrivZLscsIh8cXIfEF57jfjss2z767/m8z/4AZt2\n7aK7u/tsfvWmmTx5sn28wdznjec+b5q6DitIOudiQgjhihDCOwt3XVb4f0/h518IIXy15CH3Frb5\nYgjhF0MINwM3AeuTbKfGZ+3y5dy2bx9zC4VFJD/3uPhBH8ifRSifjzST/CjdUsvIv8kPFrafCTxS\n8vNKz1X+egBryRcWc8vaMXd4mFv37WPdihU0aoaUJLWrpGeLXAX8A7CH/GfBOmAvcHvh5xcBPcWN\nY4wDwAfIfwF+ErgV+M8xxvIZJGqCXC7HyqVLmdXXx3e3b2fTPfcwZ3j45M8rFQC1FBIAE4HfCoH/\n9uY3M+vSS/n7iy/mlq4uvhHCyW2uBh4ueZ5Kr7eT/CCcM9oO7Boe5v7+fhb29DCrr4+VS5eSy+XG\nsgskSTVI9LJIjPHbjFDAxBh/s8J9j3Hm2W81WS6XO3kJZNXwMAvIf7iHsu2KxUTx8sYy8pcpIqfO\nJpwsJC64gPXd3Uw8cYJXurqYOX8+31m9mu7ubmKMHDt2jHUrVrBhyxbOGxzkaGcnW44dgyNHuKFw\ntqRYcLyfymcy4PRLJbcPDREOHiQC2/r7WbRjR6YvlUhSGqVtzIVS6s6SSyAAi4E/If+BXvphXiwm\nhsmPo+gG7ic/DuN3u7rovfBCXjv33DMKiRBOLwlCCHR3d7NqwwbYsOHkNrlcjnUrVnBXlYLjeIU2\nlV4qOfn85C+VxH37WLt8Obd/+cv121kJWbx4cbOb0Hbc543nPm8NDUvoTEoI4Upgz549exwEVGe5\nXI61y5ezc+tWfnrgAP84NHTah/ZK8ulmc8sfB3wS+EF3N1MnTTp5VuJTq1czceLEMwqJ8SovOHZu\n2cILzz3H548f5wMl280CtnN6wZEjX3TsBF7t7ORNPT3MnDePZWvWeBZDUtvYu3cv06dPB5geY9xb\nr+f1zIUqKr0MsnJ4mBs583JDpUseEfhORwfPTJvGt3btqmsxUa74vKVnOI4ePcpNV19NR8lZlvJL\nJaWXSVYBYWiIODDgZRJJqpO0xX8rJUpngnRQedZHN7AJeAK4/JxzWDB1KrN7e9m9ZMnJD+ikCotq\nJk2axKZdu9i9ZAmze3tZOHUqT3V2ntb2WmaUSJLGz+JCZ4gxsnPr1tNmglSa9QH5AuPdHR0suvlm\nNh84wPb9+1m1YUNTv/kXz2Rs37+fzQcOsOjmm9nWcaqrV5tRAvkCY+eWLU5XlaSzYHEh4PRppgve\n+lZePXDgjIGa68nPzCh+7Ebg4Y4O7po2jU+tXt3wsxS1CCGwbM0a1k+bxsMdHQxTeUYJ5C+XrAIO\nHzjgdFVJOgsWFzo5vmJGfz/bBwbY8swzvGlo6LRLCcVLILvJR6bO7Ow84xJIWnV3d5+8VDKnt5f9\nZZdJ4NQ4jHcD/zg0xAMHD7J9YIAZ/f0smjHDAkOSxsDiQmckbULlyyDd5L/Z39bRwaybb07FJZBa\nlV4qWVh2mQROjcO4AcdhSNLZsrjQGeMr4NRlkIeofBlk2Zo1jW1kHX265DJJ8XerZRyGJKk2Fhdt\nbnh4mAmDg2eMQSheBvkucEVnZ8WZIFlVeplkdm8v89/yFl7t7Kw4DgPyZzDOGxxkuKwAkyRVZs5F\nGyoNx5owOMhThw6dkWoJ+QJjJfCdnh42P/10Kgdsjld5+uf1l11GHBioGB1+J/DUoUPceMklHO/q\nMmxLkkbhmYs2Uz5484GDB/ng0NBpC4KVeqSjg/fMn99ShUW5EAIz5807YxxG6SDPf3KQpyTVzOKi\nzVQavPlp4G5OX6W0fJppq1tWYRzGncDvkF8UzUGeklQ7i4s2U2nwZun4impJm62ufBzGgqlT+ZvO\nTm6osr2DPCWpOsdctJEYY8XBm5AvMG4Hnpwyha//5Cd0dLRf3Vk6DmN4eJgbL7mEcPBgxW0D8KbX\nX6+4oqsktbv2+wRpQ8X0zesvu4z9hcGblUTgeFdXWxYW5To6Ojje1VUxbGsl+ZVWXzh8mOsvu8wU\nT0kq46dIiysfwHnj0BCPVNm2OHhTeeWDPIsDPGeQX8J959CQAzwlqQKLixZXPoBzGXAXI68Rorzy\nQZ5rgVtxNVVJGo3FRYsrH8CZ5TVCGq18kOfXOzuZW2VbB3hK0ikO6GxhI6Vvrir8e/6UKTzQYgFZ\n9VQc5BnvvpuFPT0jDvAspng6ZkVSu/OvYIspXTr9xksuOZm+WUkEXnnDGywsahBCqDjAE/JjMT7H\nqRRPl2qX1O4sLlrIeNM3VRtTPCWpNhYXLcT0zWSZ4ilJtbG4aCGmbybLFE9Jqo0DOluE6ZuNMdYU\nz/MGB03xlNR2/JRpIdUGHILpm0moluJZVNznktRu/KTJsNKZIQt7evjpCy/wUJVvyA7eTEalQZ6Q\nH+j5G8CRF15gYU+PM0gktRUvi2RUcWbIbfv2saowgPMoMIf8N+YPkD8tH8kXFndNm8YmB2/W3bI1\na1i0YwexZCBt8X1YAbw/lyPkckRgW38/i3bscKyLpJbnmYuMqjQzZBLwKHA/8K7ubgdvNkClQZ7v\n6e7ms5wq8MAZJJLaS4ix2hXjbAghXAns2bNnD1deeWWzm9Mws/r62D4wUHEAZwRm9/byqMmbDRdj\n5PrLLhv1vdm+f3+jmyZJZ9i7dy/Tp08HmB5j3Fuv5/XMRQaNNDMETs1SUHPU8t5kvaiXpJFYXGTQ\nSFHUcGqWgmctGq+W9+bYOef43khqaRYXGVI6O+TF557joSrbOTOkuarFhK8E3gMMP/+8s0cktTSL\ni4woXzfk28ePswFjvdOoPCa8uP7IrwDfAb51/Ljrj0hqaRYXGVE+O6QY6/098t+G3zdhgjNDUqJ8\nBsl7J0zgFlx/RFL7cLZIRow2O+T6Sy/lmwMDDW6ValHLzB5nj0hqBmeLtLFaZodMOHHCGQgpVOvM\nHt87Sa3E4iIDnB2SXb53ktqRxUUGxBirrmEBzg5Ju1reO89cSGolFhcpVb4o2bcfeIDPnH8+DxVm\nIICzQ7KifPYI5N+7TSHwmfPP57HNm13cTFJLceGyFKq0KFkEvh4Cv3/BBazr7mbiiRO80tXFzPnz\n2bR6tbNDUqw4e2TdihWs37KF8wYHOdrZyUvHjnHHkSPMffHFk++xi5tJagWeuUihSouSBeCDMXLH\nkSNcs2ABmw8cYPv+/azasMEPoQzo7u5m1YYNbN+/n80HDnDtggXcceQIN5S9x05PldQKLC5SaOfW\nrcwZHq74s7nDw+zcssUBgBkWQqjpPZakrLK4SBmnLrY+32NJrc7iImWcutj6fI8ltTqLixRy2mnr\n8z2W1MosLlImxlh16qLTTltHLe+xl0UkZZVTUVMgl8uxdvlydm7dyoTBQY53dXHVnDn83TXXsP6R\nRzhvcNBppy2m0vTUV7q6uGruXKbHyI2XX36yL8ycN49la9b4vkvKDBcua7LSTIs5JZkW2zo6WD9t\nGpt27WLixIlef29xMUaOHTs2al+wwJBUTy5c1qKqZVqU5h1YWLS+EEJNfUGSssDiosnMO1CRfUFS\nq7C4aCLzDlRkX5DUSiwumsi8AxXZFyS1EouLJrvavAMVjJZ9MXPevAa3SJLGx+KiCUqXU99z//0s\n7ezkGyGYadHmKmVfHAU+Dny6s5O999/vsuySMsHiosGKU09n9PezfWCAB599lr8fHOT+GLm8q4t5\nF1/M7N5edi9Z4tTDNlPMvti9ZAmze3v5wMUXc1VXF78G/NPgIFuffZbtAwPM6O9n0YwZFhiSUsvi\nosEqTTecBHwF+NLQEFfedJNLqbex0qXZp990E18eGuL94NRUSZlicdFgo003fHzr1ga3SGn1uFNT\nJWWUxUUDOd1QtbKvSMoyi4sGcrqhamVfkZRlFhcN5lLbqpV9RVJWWVw0kMupayxcll1SVrnkesJc\nTl3j5bLskrLKJdcT5HLqqieXZZdUby65nkEup656cll2SVlhcZEgl9BWvdmnJGVB4sVFCOETIYT9\nIYRXQwhPhBDeNcK27w0hDJfdhkII/ybpdtabOQWqN/uUpKxItLgIIfwasA5YCfwy8I/AthDChSM8\nLAJvAy4q3C6OMf40yXYmwZwC1Zt9SlJWJH3m4lbgvhjj/4ox/gj4beAV4D+N8rjnYow/Ld4SbmNi\nzClQvdmnJGVBYsVFCKELmA78bfG+mD9f+01gxkgPBZ4MITwTQng0hHB1Um1MmpkWqjf7lKQsSPLM\nxYVAJ3C47P7D5C93VPIs8FvAIuCDwAHgf4cQ3plUI5M0ceLE05bQXjB1qsup66yUL8teqU855kJS\ns6UqRCvG+GPgxyV3PRFC+AXyl1c+3pxWjU2l0KyZ8+bxN9//vpkWqovisuxs2ECMkRBC1X5nsJak\nZkiyuHgeGAKmlN0/BTg0huf5LjBztI1uvfVWJk+efNp9ixcvZvHixWN4qbNTGpq1qjTgqL+fRTt2\neLZCdVcsLOx3kkazceNGNm7ceNp9L7/8ciKvlWhCZwjhCWB3jPGWwv8D8BPgyzHGO2t8jkeBozHG\nm6r8PDUJnSuXLmVGfz9zK+QQPNzRwe4lS/LfOKU6st9JGq+sJnSuB/5LCOFjIYRfAu4FzgO+AhBC\n+EII4avFjUMIt4QQ5ocQfiGE8O9DCHcD7wP+R8LtrAsDjtQM9jtJaZPomIsY418VMi3+gPzlkCeB\nOTHG5wqbXAT0lDzkDeRzMd5Cfsrq94HrYoyPJdnOehhLwJHjLlQv9jtJaZT4gM4Y4z3APVV+9ptl\n/78TqOlySdqUBhxV+hNuwJGSYL+TlEauLVJHBhypGex3ktLG4qJOYowGHKkpRut3t33+881snqQ2\nlKqci6yplC1w1Zw5/N0117D+kUc4b3CQV7q6mDl/PptWr3Y6oBJRDNZat2IF67ds4bzBQY52dvKG\nCy7gxEsv8dG3v93cC0kNlehU1EZo1lTU0myBOaXZAh0drJ82jU27dhmapaY4evQoN1199Yh90wJD\nEmR3KmrLWrt8Obft28fcwh9vyA+omzs8zK379rFuxQoLCzXFuhUrRu2bkpQki4txMltAaWXflNRs\nFhfjMJZsAamR7JuS0sDiYhxKswUqMVtAzWLflJQGFhfjZLaA0sq+KanZLC7GyUwLpZV9U1KzWVyM\nQ4zxZLbA7iVLmN3by4KpU5nd28vuJUuc6qemqqVvOuZCUpLMuahRpcCs0lAiF4ZSWhX75mh9WFL7\nSSrnwoTOGpQGZq0qDSXq72fRjh2eqVCqFQsL+7CkRvGySA1qCcyS0sw+LKmRLC5qYCiRss4+LKmR\nLC5GYSiRss4+LKnRLC5GYSiRss4+LKnRLC5qYCiRss4+LKmRLC5qYCiRss4+LKmRLC5qYGCWss4+\nLKmRDNGqQXlAloFZyrpKfdh+LbWfpEK0PHNRRS6XY+XSpczq62NhTw+z+vpYuXQpuVzOP8DKvGIf\nHqmfS9J4mdBZgWmGagf2c0lJ8cxFBaYZqh3YzyUlxeKiAtMM1Q7s55KSYnFRxjRDtQP7uaQkWVyU\nMc1Q7cB+LilJFhcVmGaodmA/l5QUi4sKTDNUO7CfS0qKxUWZGKNphmoLo/XziRMnNruJkjLKhE7y\n8/3XLl/Ozq1bmTA4yPGuLmbOm8eyNWvo7u42uVBtIcbIsWPHRjwWJLWWpBI62z5EyyAhKe/YsWMe\nC5Lqou0vixgkJOV5LEiql7YvLgwSkvI8FiTVS1sXFwYJSXkeC5Lqqa2LC4OEpDyPBUn11NbFBRgk\nJBV5LEiql7YvLgwSkvI8FiTVS1sXFwZmSafUciw45kJSLdouRMvALKk2xWNhtGNGUnYZolUHBmZJ\ntSsWFh4zksaqrS6LGBIkjY3HjKTxaKviwpAgaWw8ZiSNR9sUF4YESWPjMSNpvNqmuDAkSBobjxlJ\n49U2xQUYEiSNlceMpPFoq+LCkCBpbDxmJI1HWxUXBmZJY+MxI2k82ipEqzwgy8AsaWwqHTMeR1J2\nJRWi1fJnLnK5HCuXLmVWXx8Le3qY1dfHyqVLyeVy/kGUxqh4zIx0XElSSyd0mi4o1Z/HlaTRtPSZ\nC9MFpfrzuJI0mpYuLkwXlOrP40rSaFq2uDBdUKo/jytJtWjZ4sJ0Qan+PK4k1aJliwswXVBKgseV\npNG0dHFhuqBUfx5XkkbT0sWF6YJS/XlcSRpNyyZ0miQoNYbJt1J2mdBZg9FSA/2DJ9VfCMHETkmn\naZmEzuPHj5saKDWBiZ2SyrXMmYs/6+83NVBqAhM7JZVrmeLiycceMzVQagITOyWVa5ni4k0nTpga\nKDWYiZ2SKmmZ4uLVc84xNVBqMBM7JVXSMsXFO6+91tRAqQlM7JRUrmWKi49+4hOmBkpNYGKnpHKJ\nFxchhE+EEPaHEF4NITwRQnjXKNv/aghhTwjhtRDCj0MIH6/ldSZMmGBqoNQEtSR2OuZCai+JJnSG\nEH4N+CrwX4HvArcCHwL+XYzx+Qrb9wI/AO4B/gSYBdwNvD/GuL3Ka9Sc0CkpecVjL5fLsXb5cnZu\n3cqEwUGOd3Uxc948lq1ZY7EvNVnx+Hz4/vv53rPPQp0TOpMuLp4AdscYbyn8PwAHgC/HGL9UYfsv\nAjfEGC8vuW8jMDnG+P4qr1GxuJDUPKXBWnNKg7U6Olg/bZpnE6UmKj0+f354mKvyd2cj/juE0AVM\nB/62eF/MVzLfBGZUedi7Cz8vtW2E7SWlkMFaUnpVOj7rLckxFxcCncDhsvsPAxdVecxFVbafFEI4\nt77Nk5QUg7Wk9Brp+KyXlllb5NZbb2Xy5Mmn3bd48WIWL17cpBZJ7WkswVqOi5IaZ+PGjWzcuJEf\nHDrEgsJ9Lyf0WkkWF88DQ8CUsvunAIeqPOZQle2Pxhh/NtKL3XXXXY65kFKgNFirUulgsJbUHMUv\n3LP6+nhgYIAA7CU/fqHeErssEmMcBPYA1xXvKwzovA54vMrDdpVuXzC7cL+kjDBYS0qvkY7Pekk6\n52I98F9CCB8LIfwScC9wHvAVgBDCF0IIXy3Z/l7gshDCF0MIvxhCuBm4qfA8kjLCYC0pvSodn/WW\naHERY/wrYBnwB8A/AJcDc2KMzxU2uQjoKdl+APgA+XyLJ8nnYvznGGP5DBJJKVZLsJak5ig9Pm++\n+OJEXiPRnItGMOdCSr/ywZsO5pSap/T427t3L9OnT4es5FxIUlExsXPl0qXM6utjYU8Ps/r6WLl0\nKblcrtnNk1petePv+PHjibxey0xFlZRepYmAq0oTO/v7WbRjh5dKpASNdPx9+sEHE3lNz1xISpyJ\nnVLzjHT8fXj//kRe0+JCUuJM7JSaZ6Tj7+qExl1aXEhK1FgSOyXVVy3HXxIsLiQlqjSxsxITO6Xk\n1HL8JcHiQlLiTOyUmmek4+/xhIp6iwtJiTOxU2qekY6/r/X1JfKaFheSEmdip9Q8Ix1/d37lK4m8\npgmdkhquUkKnqZ1S/Y12rJnQKallFP+wmdop1d9ox1UjingTOiU1hamdUv2l5bjyzIWkpjC1U6q/\ntBxXFheSmsLUTqn+0nJcWVxIajhTO6X6S9NxZXEhqeFM7ZTqL03HlcWFpKYwtVOqv7QcVxYXkprC\n1E6p/tJyXFlcSGqKWlI7HXMh1S7GmJo0XBM6JaVCMTUwl8uxdvlydm7dyoTBQY53dTFz3jyWrVlj\n7oVUZrTjZbTk26QSOg3RkpQKxcIiDQFAUhak+Xjxsoik1EhLAJCUBWk+XiwuJKVGWgKApCxI8/Fi\ncSEpFdIUACSlXdqPF4sLSamQpgAgKe3SfrxYXEhKjbQEAElZkObjxeJCUmqkJQBIyoI0Hy8WF5JS\nIy0BQFIWpPl4MURLUmqVBwCNFggktZN6HB9JhWh55kJSahWDtVYuXcqsvj4W9vQwq6+PlUuXksvl\nmt08qeFGOh7SVHib0CkptdKcQCg1WpaOB89cSEqtNCcQSo2WpePB4kJSaqU5gVBqtCwdDxYXklIp\n7QmEUiNl7XiwuJCUSmlPIJQaKWvHg8WFpNRKcwKh1GhZOh4sLiSlVpoTCKVGy9LxYHEhKbVqSSBM\nyzVmKUkxxlQncpYzoVNSZhQTCHO5HGuXL2fn1q1MGBzkeFcXM+fNY9maNan6AyudjdH6eT0Sa5NK\n6DRES1JmFAuLrAQJSeOV9X7uZRFJmZKlICFpvLLezy0uJGVKloKEpPHKej+3uJCUGVkLEpLGoxX6\nucWFpMzIWpCQNB6t0M8tLiRlSpaChKTxyno/t7iQlClZChKSxivr/dziQlKmZClISBqvrPdzQ7Qk\nZVqlIKF6hAtJzdLIPp1UiJZnLiRlWvEPbi6XY+XSpczq62NhTw+z+vpYuXQpuVyuyS2URjda/81a\nsWxCp6TMy3qaodpbK/Zfz1xIyryspxmqvbVi/7W4kJR5WU8zVHtrxf5rcSEp01ohzVDtq1X7r8WF\npExrhTRDta9W7b8WF5IyL+tphmpvrdh/LS4kZd5oaYa3ff7zzWyeNKJPrV6d6TTOSpyKKinzimmG\n61asYP2WLZw3OMjRzk7ecMEFnHjpJT769rdzvKuLmfPmsWzNmsxN61PryeVyrF2+nJ1btzJhcJDX\nOzu5+x3vYO3LLzPxxAle6epi5vz5bFq9OpP91YROSS3n6NGj3HT11dy2bx9zSnMDOjpYP21aJnMD\n1DpKcy0q9c/7H3+cSZMmNaQtJnRKUo3WrVjRcrkBah2j5Vqs/+xnm9m8urC4kNRyWjE3QK2jHfqn\nxYWkltKquQFqDe3SPy0uJLWUVs0NUGtol/5pcSGp5bRiboBaRzv0T4sLSS1ntNyLLOYGqHW0Q/+0\nuJDUcoq5F7uXLGF2by8Lpk5ldm8vu5csOTkNNevXtJVNMcaa+mfWmXMhqeXFGAkhnBFcZLCWGmG0\nflfsn82QVM6FCZ2SWl6xsCgGF60qDS7q72fRjh0t841R6dKu/S6xyyIhhAtCCF8LIbwcQngphPDH\nIYQJozzmT0MIw2W3h5Jqo6T2MVpwkcFaSkK79rskx1z8BTANuA74AHAtcF8Nj3sYmAJcVLgtTqqB\nktpHOwQXKX3atd8lclkkhPBLwBzy13D+oXDfJ4EHQwjLYoyHRnj4z2KMzyXRLkntaSzBRVnPF1B6\ntHO/S+rMxQzgpWJhUfBN8peafmWUx/5qCOFwCOFHIYR7QghvTqiNktpEuwQXKV3aud8lVVxcBPy0\n9I4Y4xDwYuFn1TwMfAz4D8DvAu8FHgqtuOclNVQ7BBcpfdq1341pKmoI4QvA742wSSQ/zmIR8LEY\n47Syxx8GPhdjrGXsBSGEPuAp4LoY47eqbHMlsOfaa69l8uTJp/1s8eLFLF7skA1Jp0bt31oyuC6S\n/wN/V2EZ9okTJ7bkt0g1R4yRY8eOjdrvGjVbZOPGjWzcuPG0+15++WUee+wxqPNU1LEWFz8H/Nwo\nmz0NfBRYG2M8uW0IoRN4DbgpxvjAGF7zp8DyGOMfVfm5OReSapLL5Vi3YgU7t2zhvMFBXunq4qq5\ncyFGvrdtm9kXOmuVMi2umjOHjhD43iOPnOx3M+fP51OrVze9jyWVc5FIiFZhQOcPgatKBnTOBh4C\n3jrKgM7S53kr8H+ABTHGb1TZxuJC0piVfqu8bd8+5pRmEHR0sL7B3yqVfaWZFtX6U9rOjiVVXCQy\n5iLG+CNgG/BHIYR3hRBmAn8IbCwtLAqDNhcU/j0hhPClEMKvhBAuDSFcB2wGflx4LkmqmxBC22YQ\nKBm19Kc0FRZJSjLn4teBH5GfJfIN4DHgt8q2eRtQHCgxBFwOPAD8M/BHwPeAa2OMgwm2U1KbatcM\nAiXD/nRKYvHfMcYjwEdG2aaz5N+vAXOTao8klWrnDALVn/3pdK6KKqkttXMGgerP/nQ6iwtJbatd\nMwiUDPvTKRYXktrWsjVrWD9tGg93dJz8xhmBhwsZBJ9avbqZzVPG2J9OsbiQ1La6u7vZtGsXu5cs\nYXZvLwumTmV2by+7lyw5OW1QqtXEiRNH7E/tNK05sQGdkpQF3d3drNqwATZsOJl9sXb5cm68/HJD\ntTSqSqFZM+fN42++//3UZVo0ksWFJBWUhmqtKg1B6u9n0Y4dbfftUyMrDc2yv5zOyyKSVGColsbC\n/lKdxYXO9EcdAAAQk0lEQVQkFRiCpLGwv1RncSFJjC0ESbK/jMziQpIwBEljY38ZmcWFJBXUEoLU\nrt9EdboYo6FZI7C4kKSCaiFIm0LgM+efz2ObN7Owp4dZfX2sXLqUXC7XzOaqwXK5HCuXLmVWXx8L\ne3r49gMP8Jnzz+chQ7PO4FRUSSoohmqtW7GC9Vu2cN7gIEc7O3np2DHuOHKEuS++6HTDNlVt2unX\nQ+D3L7iAdd3dTDxxgle6upg5fz6bVq9u637hmQtJKlEM1dq+fz+bDxzg2gULuOPIEW5wumFbqzbt\n9IMxcseRI1yzYAGbDxxg+/79rNqwoa0LC7C4kKSqQghONxRQ27TTdh28WYnFhSRV4XRDgf1gPCwu\nJKkKpxsK7AfjYXEhSSNwuqHAfjBWFheSNIJq01NLpxt6Orz1fWr16lH7gU5xKqokjaDS9NRXurq4\nau5cpsfo0uwtrHw59dc7O7n7He9g7csvO+10FCHrFXcI4Upgz549e7jyyiub3RxJLS7GeNrS7HNK\nl9ru6GD9tGlmX7SA0lyLSu/x/Y8/zqRJk5rdzLO2d+9epk+fDjA9xri3Xs/rZRFJGoMQgkttt4HR\n3uP1n/1sM5uXehYXkjRGZl+0Pt/js2NxIUljYOZB6/M9PnsWF5I0BrVkHhw75xwzDzLOXIuzY3Eh\nSWNUKfMgB6wE3gMMP/+8K6dmTPmKpz994QUeqlI8mGsxOqeiStIYLVuzhkU7dhALA/6OAYuA3wFW\nAeH4ceLx466cmhGVVjw9Cswhf5biA3BytsgjhVyLTeZajMgzF5I0RsXsi91LljC7t5f3TpjALcD7\nwdkjGVRpZsgk4FHgfuBd3d0smDqV2b297F6yxGKxBuZcSNJZmtXXx/aBgYoDACMwu7eX7fv3N7pZ\nqlEt79+jTz/dkmMszLmQpBRyZkG21fr+aWwsLiTpLLhiZrb5/iXD4kKSzlItK2Z65iKdYoyueJoA\niwtJOkvVVk7dFAKfOf98Htu8mYU9PU5PTYnyaafffuABPnP++Tzkiqd141RUSTpLlVZOPdrZyUvH\njnHHkSPMffHFUwtfOT21qSpNO43A10Pg9y+4gHXd3a54WgeeuZCkOuju7mbVhg1s37+fzQcOcO2C\nBdxx5Ag3uLhZqlRbkOyDMXLHkSNcs2ABmw8cYPv+/azasMHCYpwsLiSpzkIILnyVUrW8Lw7ePHsW\nF5JUZ05PTSffl8axuJCkOqt1eqMay2mnjWNxIUkJqDa9MQf8BnDkhRecQdIgpbNDXnzuOR6qsp3T\nTuvH2SKSlIDyxc1KF8NaAbw/lyPkcs4gSVj57JDiInNwai0YFySrP89cSFICyhc3WzB1Ku/p7uaz\nnFplE5xBkrTy2SHdwCbge8B7gPdNmOCCZAlw4TJJaoAYI9dfdpkLnDXYaIuSXX/ppXxzYKDBrUoP\nFy6TpIwbbabCm15/3ZkKdTQ8PDzqPp9w4oT7PAEWF5LUANVmKuSAlcAs4IXDh7n+sssc4HkWSgdv\n3njJJTx16JCzQ5rA4kKSGqR8BkmO/ODCGcB2YOfQENsHBpjR38+iGTMsMMaoOHhzRn8/2wcGeODg\nQT44NMTDVbZ3dkhyLC4kqUHKFzhbC9wKzMUBnvVQKdr708DdwIPgomQNZHEhSQ1SPoPk652dzK2y\nrRHhY1cp2rs4O+S7wOXnnMOCqVOdHdIA5lxIUgMVFziLd9/Nwp4ewsGDFbcrRlEPDw/TUSGMS6cb\nafBmN3A78OSUKXz9Jz9xfzaAe1iSmmCkKOoc8DngqUOHuPGSS0zxrGI8gzctLBrDvSxJTVIpIrw4\nyPPdwD8NDfHAwYMO8qzAwZvpZnEhSU1SPsAT4E7gdzgVTQ0O8qzEwZvpZnEhSU1SKSL8bzo7uaHK\n9g7yPMXBm+nmgE5JaqLiAE82bGB4eJgbL7nEQZ6jiDE6eDPl3OuSlBIdHR0O8hxBcQDn9Zddxn4H\nb6aae16SUsRBnpWVD+C8cWiIR6ps6+DN5rO4kKQUcZBnZeUDOJcBdwEP4+DNNLK4kKQUGc8gz+88\n8EBD29hoMcYzBnAWB2/uBmYDMzs7HbyZIg7olKSUqWWQZ4782iQ7gdcOHGBWXx8z581j2Zo1LfHB\nmsvlWLt8OTu3buW811/n1cOHzxjA2Q2sKvx7/pQpPPD0065wmhKeuZCkFKs0yLN8NdXvDA+31BiM\n8vEVW555hjcNDY04gPOVN7zBwiJFLC4kKeXKB3muBW5j5NVUY6z2UZxuMcaKAVkzgW1VHuMAzvSx\nuJCklCsf5LkTmFNhuxywa3iY+/v7WdjTk5npqqVrhCzs6WHTPfecEZC1DFgPPIQDOLPA4kKSUq50\nkOf1l17Kax0dZ4w/KF4quZpsTVctvwSy+eBBfmFoqOL4imL65hWdnaZvppwDOiUpA0oHec7q6yMO\nDJz2AVx6qaSoeKkk7tvH2uXLuf3LX25om2txZ8klkKLj5M9KVCowVgLf6elhs4M3U80zF5KUMZWC\ntipdKsmR/zBeNzzMN++5JzWXSUovg2yucAmklvEVFhbpZnEhSRlTPgYjAhM4/Zt++YySnUNDZ1wm\nafSgzxjjaZdBHh0YoK/CJZDi+AoDsrLL4kLjsnHjxmY3oe24zxsvrfu8PGhr4dSpPNXZedpUzWoz\nSmYOD3PxD3/I+6ZOrTjos14FR/F5ygdrzpw6lVt++EPmDg/TwalLIEUbOTW+4glc3TSzYoyJ3ID/\nRv5M3XHgxTE87g+AZ4BXyBfc/3aU7a8E4p49e6IaZ968ec1uQttxnzdeVvb58PBw/NwnPxkf7uiI\nEWKEeB3E4cK/i7ejEK+H+FDJz4YhbgohXv7mN8f3XXJJnD91aryutzd+7pOfjEePHo3Dw8MVX6/S\nfUePHo2f++Qn43W9vXH+1KnxvZdcEq9485vjQx0dJ1+vvF2fg/hwyf/nlfz7oY6OuHLp0oqvp/rY\ns2dP8eTXlbGONUCSAzq7gL8CdgH/qZYHhBB+D1gCfAwYAFYD20II02KMryfUTknKtBACy9asYdGO\nHcR9+5gzPHzGZRKoPOjzGHBvjHzhxRe54cUXCcBRYOkf/iEz7r2Xvgsv5NVzz+WqOXMIwPe2bWPC\n4CDHu7pOu+/cn/2Mf3n+ee4aHGRV4bU/R36xtWJ0eaXLN8vIX76JJe2K5MdW3DVtGptWr3Z8RQYl\nVlzEGG8HCCF8fAwPuwX4fIzxG4XHfgw4DCwkX6hIkiooXipZt2IF67ds4fCBA8Sy8Qw7ORWXXVRe\ncOSAmwr3/engIOHZZzkKzLnvPlYA/x1OFiCl960i/82wdA2Ux4HbS/4fOHMmSPESyDry4yz2ALN7\ne5k5fz6bVq/2EkhGpWbMRQihD7gI+NvifTHGo+TXpZnRrHZJUlYUp6tu37+fhTfffNqMkkpnDeDM\nWSaVxmqsIz/r5AMj3LeT08+IVHu9SjNBimuE3NbRwc/39bF9/35WbdhgYZFhacq5uIh8fzxcdv/h\nws+qeSPAvn37EmqWKnn55ZfZu3dvs5vRVtznjZflfX79hz7Epx98kH/Zv5+rYyQAz5I/M1D8wI/A\nIPAPJY97GJgP7B3DfZWehwqvBzAL+DTwY/KFRig8/vEQ+FpvLxdedFFm93kWlXx2vrGezxviGEYG\nhxC+APzeCJtEYFqM8cclj/k4cFeM8c2jPPcM4DvAW2KMh0vu/0tgOMa4uMrjfh34Ws2/hCRJKvfh\nGONf1OvJxnrmYi3wp6Ns8/Q423KIfBE7hdPPXkzhzIK41Dbgw+QHgL42zteWJKkdvRHopXpu2biM\nqbiIMb4AvFDPBpQ89/4QwiHgOuD7ACGEScCvAP2jtKlu1ZYkSW3m8Xo/YWIDOkMIPSGEK4BLgc4Q\nwhWF24SSbX4UQlhQ8rC7gRUhhHkhhP8L+F/AvwIPJNVOSZJUX0kO6PwD8nkVRcUROu8DHiv8+23A\n5OIGMcYvhRDOA+4Dzgf+DrjBjAtJkrJjTAM6JUmSRpOanAtJktQaLC4kSVJdZaK4CCF8IoSwP4Tw\nagjhiRDCu0bZ/ldDCHtCCK+FEH48xghyMbZ9HkK4MYTwaAjhpyGEl0MIj4cQZjeyva1grP285HEz\nQwiDIQSTh8ZoHH9b3hBCWBNCGCj8fXk6hPAbDWpuSxjHPv9wCOHJEMLxEMIzIYQ/CSGMmJukU0II\n14QQtoQQDoYQhkMI82t4zFl/hqa+uAgh/BqnkmZ/GfhH8ouZXVhl+17gG+RjxK8ANgB/HEK4vhHt\nbQVj3efAtcCj5JcVuBL4FrC1MFtINRjHPi8+bjLwVeCbiTeyxYxzn/81+UHpvwn8O2Ax8M8JN7Vl\njOPv+Uzy/fuPgLeTX/bk/wb+34Y0uDVMAJ4Ebub01e0rqttnaD2XWE3iBjwBbCj5fyA/PfV3q2z/\nReD7ZfdtBB5q9u+SldtY93mV5/gBsKLZv0tWbuPd54W+fTv5P9Z7m/17ZOk2jr8tc4EXgfOb3fas\n3saxzz8F/EvZfUuAnzT7d8niDRgG5o+yTV0+Q1N95iKE0AVM5/TFzCL5b2nVFjN7N2d+i9s2wvYq\nMc59Xv4cgfxaRC8m0cZWM959HkL4TaCP0xeeVA3Guc/nAX8P/F4I4V9DCP8cQrgzhFDXNRla1Tj3\n+S6gJ4RwQ+E5pgAfAh5MtrVtrS6foakuLoALgU7GtpjZRVW2nxRCOLe+zWtJ49nn5T5N/lTcX9Wx\nXa1szPs8hPA28itdfzjGOJxs81rSePr5ZcA1wL8HFgK3kD9NXzVBWKcZ8z6PMT4OfAT4yxDC6+TX\nQnuJ/NkLJaMun6FpLy6UMYWF5D4LfCjG+Hyz29OKQggd5BfrWxljfKp4dxOb1C46yJ9W/vUY49/H\nGB8hvzr5x/3ikowQwtvJX/NfRX481xzyZ+vua2KzVIM0LbleyfPAEPnFy0pNIb/QWSWHqmx/NMb4\ns/o2ryWNZ58DEEL4j+QHWt0UY/xWMs1rSWPd593AVcA7QwjFb80d5K9IvQ7MjjH+74Ta2irG08+f\nBQ7GGI+V3LePfGH3VuCpio9S0Xj2+WeAnTHG9YX//yCEcDPwdyGE5bFkBW3VTV0+Q1N95iLGOAjs\nIb+YGXDyev51VF9oZVfp9gWzC/drFOPc54QQFgN/AvzHwjc61Wgc+/wo8A7gneRHc18B3Av8qPDv\n3Qk3OfPG2c93Am8pLFFQ9Ivkz2b8a0JNbRnj3OfnASfK7hsmP+vBs3XJqM9naLNHr9YwuvX/AV4h\nv07JL5E/HfYC8POFn38B+GrJ9r1AjvyI118kP/3mdWBWs3+XrNzGsc9/vbCPf5t8hVu8TWr275KV\n21j3eYXHO1sk4X1OfhzR/wH+EphGfgr2PwP3Nvt3ycptHPv848DPCn9b+oCZwHeBx5v9u2TlVui3\nV5D/MjIM/E7h/z1V9nldPkOb/ovXuHNuBgaAV8lXT1eV/OxPgR1l219LvkJ+FfgX4KPN/h2ydhvL\nPiefazFU4fb/Nfv3yNJtrP287LEWFw3Y5+SzLbYBxwqFxpeAc5v9e2TpNo59/gngnwr7/F/J515c\n3OzfIys34L2FoqLi3+ekPkNduEySJNVVqsdcSJKk7LG4kCRJdWVxIUmS6sriQpIk1ZXFhSRJqiuL\nC0mSVFcWF5Ikqa4sLiRJUl1ZXEiSpLqyuJAkSXVlcSFJkurq/wccDYNlABv6KAAAAABJRU5ErkJg\ngg==\n",
      "text/plain": [
       "<matplotlib.figure.Figure at 0x14954132860>"
      ]
     },
     "metadata": {},
     "output_type": "display_data"
    }
   ],
   "source": [
    "size=100\n",
    "plt.plot(arange(1,size+1)/size,gpfunction(size),'ro')\n",
    "plt.show()"
   ]
  },
  {
   "cell_type": "code",
   "execution_count": 18,
   "metadata": {
    "collapsed": false
   },
   "outputs": [],
   "source": [
    "############# Generate GP Data with a mean of gpfunction. Each row in output matrix is a sample ##########\n",
    "def GPDataGen(n_samples,J,plot):\n",
    "    x=arange(1,2**J+1)/(2**J)\n",
    "    Sigma=SigmaGPGen(x)\n",
    "    Data=np.zeros((n_samples,len(x)))\n",
    "    for i in range(0,(n_samples)):\n",
    "        Data[i,:]=np.random.multivariate_normal(gpfunction(2**J), Sigma, 1)\n",
    "    if plot==0:\n",
    "        return Data\n",
    "    if plot==1:\n",
    "        for i in range(0,Data.shape[0]):\n",
    "            plt.plot(x,Data[i,:],'ro')\n",
    "            plt.show()\n",
    "        "
   ]
  },
  {
   "cell_type": "code",
   "execution_count": 10,
   "metadata": {
    "collapsed": false
   },
   "outputs": [],
   "source": [
    "#####################################################################################################################\n",
    "#Drawing from Posterior\n",
    "#Sum of Squares Matrix \n",
    "def SSMatrix(Data):\n",
    "    mean=Data.mean(axis=0)\n",
    "    SS=np.zeros((Data.shape[1],Data.shape[1]))\n",
    "    for i in range(0,Data.shape[0]):\n",
    "        AddMatrix=np.outer((Data[i,:]-mean),(Data[i,:]-mean))\n",
    "        SS=SS+AddMatrix\n",
    "    return SS"
   ]
  },
  {
   "cell_type": "code",
   "execution_count": 11,
   "metadata": {
    "collapsed": true
   },
   "outputs": [],
   "source": [
    "def DrawPosteriorSigma(Data,nu_0,scale_matrix_0):\n",
    "    mean=Data.mean(axis=0)\n",
    "    SS=SSMatrix(Data)\n",
    "    n=Data.shape[0]\n",
    "    #NewParameters\n",
    "    nu_n=nu_0+n\n",
    "    scale_matrix_n=scale_matrix_0+SS+kappa_0*n/(kappa_0+n)*np.outer((mean-mu_0),(mean-mu_0))\n",
    "    return invwishart.rvs(nu_n, scale_matrix_n, size=1, random_state=None)"
   ]
  },
  {
   "cell_type": "code",
   "execution_count": 12,
   "metadata": {
    "collapsed": true
   },
   "outputs": [],
   "source": [
    "def DrawPosteriorMean(Data,mu_0,kappa_0,SigmaDrawn):\n",
    "    mean=Data.mean(axis=0)\n",
    "    SS=SSMatrix(Data)\n",
    "    n=Data.shape[0]\n",
    "    #NewParameters\n",
    "    mu_n=kappa_0/(kappa_0+n)*mu_0+n/(kappa_0+n)*mean\n",
    "    kappa_n=kappa_0+n\n",
    "    return multivariate_normal.rvs(mu_n,SigmaDrawn/kappa_n)"
   ]
  },
  {
   "cell_type": "code",
   "execution_count": 23,
   "metadata": {
    "collapsed": false
   },
   "outputs": [],
   "source": [
    "###########################Example using the functions above with J=2######################################################\n",
    "samples_drawn=100\n",
    "Datasize=100\n",
    "J=2\n",
    "def PosteriorDraw(Datasize,J,samples_drawn):\n",
    "    Data=GPDataGen(Datasize,J,0)\n",
    "    #Parameters\n",
    "    nu_0=Data.shape[1]+1 #df=dimension of data+1\n",
    "    scale_matrix_0=np.identity(Data.shape[1]) #scale matrix set to identity matrix \n",
    "    mu_0=np.array([0]*Data.shape[1]) #Prior mean set to 0 vector\n",
    "    kappa_0=0 #Number of prior measurements \n",
    "    sigma_squared=0.01**2 #noise \n",
    "    #Draw Sigma and Mu (mean)\n",
    "    Total_SigmaStar_Drawn=[]\n",
    "    Total_MuStar_Drawn=[]\n",
    "    for i in range(0,samples_drawn):\n",
    "        SigmaDrawn=DrawPosteriorSigma(Data,nu_0,scale_matrix_0)\n",
    "        print(SigmaDrawn)\n",
    "        MeanDrawn=DrawPosteriorMean(Data,mu_0,kappa_0,SigmaDrawn)\n",
    "        #Convert Sigma and Mu to Sigma_star and Mu_Star\n",
    "        X=transmatrix(J)\n",
    "        XT=X.transpose()\n",
    "        Total_MuStar_Drawn.append(np.dot(linalg.inv(X),MeanDrawn))\n",
    "        Total_SigmaStar_Drawn.append(np.dot(np.dot(linalg.inv(XT),(SigmaDrawn-np.identity(Data.shape[1])*sigma_squared)),linalg.inv(X)))\n",
    "    return(Total_MuStar_Drawn,Total_SigmaStar_Drawn)\n"
   ]
  },
  {
   "cell_type": "code",
   "execution_count": 21,
   "metadata": {
    "collapsed": false
   },
   "outputs": [
    {
     "name": "stdout",
     "output_type": "stream",
     "text": [
      "[[ 0.89021079  0.87455131  0.80148261  0.70100664]\n",
      " [ 0.87455131  0.92857572  0.89243488  0.81965374]\n",
      " [ 0.80148261  0.89243488  0.92056261  0.88087431]\n",
      " [ 0.70100664  0.81965374  0.88087431  0.9009109 ]]\n",
      "[[ 1.31967648  1.22948533  1.10149693  0.94294597]\n",
      " [ 1.22948533  1.22030314  1.14324784  1.01697976]\n",
      " [ 1.10149693  1.14324784  1.14000096  1.0576385 ]\n",
      " [ 0.94294597  1.01697976  1.0576385   1.05148512]]\n",
      "[[ 1.24814882  1.19507342  1.07378477  0.91002152]\n",
      " [ 1.19507342  1.21887486  1.15128636  1.03077378]\n",
      " [ 1.07378477  1.15128636  1.18517578  1.12216212]\n",
      " [ 0.91002152  1.03077378  1.12216212  1.15077702]]\n",
      "[[ 1.23229352  1.19133299  1.06219338  0.92709441]\n",
      " [ 1.19133299  1.24814057  1.1766593   1.09109238]\n",
      " [ 1.06219338  1.1766593   1.20193969  1.17013538]\n",
      " [ 0.92709441  1.09109238  1.17013538  1.21167789]]\n",
      "[[ 1.13669775  1.08789236  0.92221523  0.74770879]\n",
      " [ 1.08789236  1.11714267  1.00355674  0.86986094]\n",
      " [ 0.92221523  1.00355674  0.990801    0.91256864]\n",
      " [ 0.74770879  0.86986094  0.91256864  0.91984781]]\n",
      "[[ 1.51623864  1.4490018   1.31934872  1.05968036]\n",
      " [ 1.4490018   1.46062565  1.36973861  1.15992807]\n",
      " [ 1.31934872  1.36973861  1.35422785  1.19895133]\n",
      " [ 1.05968036  1.15992807  1.19895133  1.15786303]]\n",
      "[[ 1.34012207  1.22461153  1.04408991  0.80410219]\n",
      " [ 1.22461153  1.20375134  1.0844415   0.90929728]\n",
      " [ 1.04408991  1.0844415   1.06892597  0.97414496]\n",
      " [ 0.80410219  0.90929728  0.97414496  1.01365232]]\n",
      "[[ 1.4014121   1.3410886   1.17149951  0.95479509]\n",
      " [ 1.3410886   1.37121729  1.25318981  1.09547054]\n",
      " [ 1.17149951  1.25318981  1.23034937  1.14727941]\n",
      " [ 0.95479509  1.09547054  1.14727941  1.18298471]]\n",
      "[[ 0.98273543  0.92289661  0.81771942  0.68003859]\n",
      " [ 0.92289661  0.92323341  0.85709747  0.76198205]\n",
      " [ 0.81771942  0.85709747  0.86466709  0.82001785]\n",
      " [ 0.68003859  0.76198205  0.82001785  0.87278746]]\n",
      "[[ 1.22013676  1.2427735   1.14690123  0.98754612]\n",
      " [ 1.2427735   1.34727408  1.28754349  1.16984277]\n",
      " [ 1.14690123  1.28754349  1.30035477  1.23571493]\n",
      " [ 0.98754612  1.16984277  1.23571493  1.28330247]]\n",
      "[[ 1.18932817  1.08849416  0.98446833  0.8044061 ]\n",
      " [ 1.08849416  1.04133756  0.96358985  0.81354667]\n",
      " [ 0.98446833  0.96358985  0.96009022  0.85352388]\n",
      " [ 0.8044061   0.81354667  0.85352388  0.82779442]]\n",
      "[[ 1.23848366  1.13775105  0.97568334  0.77060663]\n",
      " [ 1.13775105  1.11085098  0.99849111  0.83977551]\n",
      " [ 0.97568334  0.99849111  0.97079252  0.86834995]\n",
      " [ 0.77060663  0.83977551  0.86834995  0.85077734]]\n",
      "[[ 1.1702962   1.14922865  1.05531314  0.91656972]\n",
      " [ 1.14922865  1.21762349  1.17292832  1.08982009]\n",
      " [ 1.05531314  1.17292832  1.21008986  1.18718879]\n",
      " [ 0.91656972  1.08982009  1.18718879  1.25997717]]\n",
      "[[ 1.35262736  1.30377979  1.17565577  0.95022015]\n",
      " [ 1.30377979  1.33811947  1.24412106  1.05250204]\n",
      " [ 1.17565577  1.24412106  1.22417684  1.08607822]\n",
      " [ 0.95022015  1.05250204  1.08607822  1.05166625]]\n",
      "[[ 1.07849494  1.02925759  0.93670016  0.77652474]\n",
      " [ 1.02925759  1.05792007  1.01325265  0.89390942]\n",
      " [ 0.93670016  1.01325265  1.06462454  0.99456916]\n",
      " [ 0.77652474  0.89390942  0.99456916  1.00460507]]\n",
      "[[ 1.28424299  1.20225916  1.0775171   0.86074283]\n",
      " [ 1.20225916  1.19661675  1.11634516  0.9429948 ]\n",
      " [ 1.0775171   1.11634516  1.11073695  0.99255581]\n",
      " [ 0.86074283  0.9429948   0.99255581  0.97044837]]\n",
      "[[ 0.80845543  0.76755975  0.67148632  0.53378049]\n",
      " [ 0.76755975  0.81578395  0.76137736  0.6591203 ]\n",
      " [ 0.67148632  0.76137736  0.79586919  0.7462326 ]\n",
      " [ 0.53378049  0.6591203   0.7462326   0.78420538]]\n",
      "[[ 1.39909323  1.39497302  1.29131578  1.14972074]\n",
      " [ 1.39497302  1.47065274  1.41599807  1.30590946]\n",
      " [ 1.29131578  1.41599807  1.45248581  1.39235335]\n",
      " [ 1.14972074  1.30590946  1.39235335  1.40988376]]\n",
      "[[ 1.2235784   1.20611165  1.08920897  0.91620953]\n",
      " [ 1.20611165  1.24644734  1.16136071  1.01224035]\n",
      " [ 1.08920897  1.16136071  1.15220953  1.05082827]\n",
      " [ 0.91620953  1.01224035  1.05082827  1.03302698]]\n",
      "[[ 1.51561239  1.45727808  1.3524718   1.13451986]\n",
      " [ 1.45727808  1.46163164  1.3815488   1.18621496]\n",
      " [ 1.3524718   1.3815488   1.36179148  1.20730746]\n",
      " [ 1.13451986  1.18621496  1.20730746  1.14482133]]\n",
      "[[ 1.26162586  1.22297614  1.09516833  0.93557728]\n",
      " [ 1.22297614  1.25706678  1.16028244  1.03888788]\n",
      " [ 1.09516833  1.16028244  1.13617138  1.06212804]\n",
      " [ 0.93557728  1.03888788  1.06212804  1.08874893]]\n",
      "[[ 1.26316929  1.14737916  1.01107326  0.8504182 ]\n",
      " [ 1.14737916  1.11038552  1.02056698  0.9073329 ]\n",
      " [ 1.01107326  1.02056698  1.013857    0.94235516]\n",
      " [ 0.8504182   0.9073329   0.94235516  0.95907996]]\n",
      "[[ 0.96736271  0.94614515  0.87370601  0.75385468]\n",
      " [ 0.94614515  0.9983606   0.96575076  0.88411351]\n",
      " [ 0.87370601  0.96575076  1.02533069  0.9924479 ]\n",
      " [ 0.75385468  0.88411351  0.9924479   1.03788365]]\n",
      "[[ 0.99652339  0.91735842  0.78511214  0.62429197]\n",
      " [ 0.91735842  0.91706204  0.82639851  0.7047599 ]\n",
      " [ 0.78511214  0.82639851  0.82040483  0.74645469]\n",
      " [ 0.62429197  0.7047599   0.74645469  0.74969361]]\n",
      "[[ 1.42233849  1.30983268  1.11251416  0.87142854]\n",
      " [ 1.30983268  1.27475786  1.13382824  0.95489836]\n",
      " [ 1.11251416  1.13382824  1.08929692  0.99116827]\n",
      " [ 0.87142854  0.95489836  0.99116827  1.01194382]]\n",
      "[[ 1.06204104  1.01880486  0.92604191  0.77629797]\n",
      " [ 1.01880486  1.05896581  1.01293443  0.90661897]\n",
      " [ 0.92604191  1.01293443  1.04519024  0.99031348]\n",
      " [ 0.77629797  0.90661897  0.99031348  1.02110369]]\n",
      "[[ 1.08749465  1.04559917  0.94681714  0.79354526]\n",
      " [ 1.04559917  1.06981967  1.00354643  0.88307212]\n",
      " [ 0.94681714  1.00354643  0.99704579  0.91504381]\n",
      " [ 0.79354526  0.88307212  0.91504381  0.91025448]]\n",
      "[[ 1.24371307  1.193673    1.06886728  0.85322565]\n",
      " [ 1.193673    1.21894171  1.12958808  0.9591583 ]\n",
      " [ 1.06886728  1.12958808  1.1108853   0.99751728]\n",
      " [ 0.85322565  0.9591583   0.99751728  0.99072201]]\n",
      "[[ 1.2720569   1.2288528   1.11762584  0.94146386]\n",
      " [ 1.2288528   1.24758906  1.1677261   1.03897882]\n",
      " [ 1.11762584  1.1677261   1.15434746  1.07309928]\n",
      " [ 0.94146386  1.03897882  1.07309928  1.08627899]]\n",
      "[[ 1.0617047   1.00643292  0.85428501  0.69696779]\n",
      " [ 1.00643292  1.01779059  0.9097293   0.79123075]\n",
      " [ 0.85428501  0.9097293   0.88723789  0.82794523]\n",
      " [ 0.69696779  0.79123075  0.82794523  0.85444242]]\n",
      "[[ 1.25054647  1.17417404  1.06208315  0.90565893]\n",
      " [ 1.17417404  1.16744747  1.09598657  0.9836218 ]\n",
      " [ 1.06208315  1.09598657  1.09144549  1.02218998]\n",
      " [ 0.90565893  0.9836218   1.02218998  1.05088595]]\n",
      "[[ 0.98109166  0.91963656  0.81225198  0.66540569]\n",
      " [ 0.91963656  0.92183017  0.84341923  0.72755135]\n",
      " [ 0.81225198  0.84341923  0.84566966  0.77703652]\n",
      " [ 0.66540569  0.72755135  0.77703652  0.79101071]]\n",
      "[[ 1.15893307  1.08181792  0.95896124  0.81338808]\n",
      " [ 1.08181792  1.07236492  0.98328408  0.86936597]\n",
      " [ 0.95896124  0.98328408  0.96242071  0.89217142]\n",
      " [ 0.81338808  0.86936597  0.89217142  0.89724813]]\n",
      "[[ 0.95466589  0.90071994  0.80261574  0.63872278]\n",
      " [ 0.90071994  0.90351718  0.8423446   0.72351791]\n",
      " [ 0.80261574  0.8423446   0.8642725   0.79487884]\n",
      " [ 0.63872278  0.72351791  0.79487884  0.82860519]]\n",
      "[[ 1.14424828  1.12753699  1.0080543   0.84712048]\n",
      " [ 1.12753699  1.18269532  1.09807947  0.97396408]\n",
      " [ 1.0080543   1.09807947  1.09429161  1.02339489]\n",
      " [ 0.84712048  0.97396408  1.02339489  1.03482329]]\n",
      "[[ 1.48647553  1.40779182  1.23831222  0.99612491]\n",
      " [ 1.40779182  1.40711915  1.28241306  1.09236662]\n",
      " [ 1.23831222  1.28241306  1.23988416  1.11436675]\n",
      " [ 0.99612491  1.09236662  1.11436675  1.09385892]]\n",
      "[[ 1.08402561  1.0471402   0.91479205  0.74721226]\n",
      " [ 1.0471402   1.07597857  0.97865272  0.83855065]\n",
      " [ 0.91479205  0.97865272  0.96213045  0.87487666]\n",
      " [ 0.74721226  0.83855065  0.87487666  0.87761694]]\n",
      "[[ 1.33939874  1.25999375  1.07861662  0.84800033]\n",
      " [ 1.25999375  1.26426418  1.12635106  0.9405869 ]\n",
      " [ 1.07861662  1.12635106  1.07796908  0.94733128]\n",
      " [ 0.84800033  0.9405869   0.94733128  0.91172366]]\n",
      "[[ 1.19115988  1.11872172  0.95056838  0.73610094]\n",
      " [ 1.11872172  1.12253531  1.00507228  0.8374838 ]\n",
      " [ 0.95056838  1.00507228  0.98494564  0.88960645]\n",
      " [ 0.73610094  0.8374838   0.88960645  0.90906526]]\n",
      "[[ 1.2258311   1.13285712  0.95515527  0.7416178 ]\n",
      " [ 1.13285712  1.11720117  0.98307887  0.81124264]\n",
      " [ 0.95515527  0.98307887  0.93339881  0.82318787]\n",
      " [ 0.7416178   0.81124264  0.82318787  0.81811513]]\n",
      "[[ 1.1397434   1.1041801   1.05231298  0.94170168]\n",
      " [ 1.1041801   1.1333622   1.10804561  1.01776149]\n",
      " [ 1.05231298  1.10804561  1.14168056  1.08665169]\n",
      " [ 0.94170168  1.01776149  1.08665169  1.10335726]]\n",
      "[[ 1.01209653  0.98049329  0.86854451  0.69126547]\n",
      " [ 0.98049329  1.03672514  0.97544719  0.85318907]\n",
      " [ 0.86854451  0.97544719  1.00583741  0.95177875]\n",
      " [ 0.69126547  0.85318907  0.95177875  1.00952038]]\n",
      "[[ 1.02862608  0.94488387  0.80749637  0.63842811]\n",
      " [ 0.94488387  0.9651919   0.88695975  0.76291393]\n",
      " [ 0.80749637  0.88695975  0.89974478  0.82347139]\n",
      " [ 0.63842811  0.76291393  0.82347139  0.84272917]]\n",
      "[[ 1.12376527  1.11844175  0.99195941  0.84533607]\n",
      " [ 1.11844175  1.18635284  1.09372723  0.98521737]\n",
      " [ 0.99195941  1.09372723  1.08037005  1.03078699]\n",
      " [ 0.84533607  0.98521737  1.03078699  1.07427701]]\n",
      "[[ 1.10402103  1.08118947  0.96331258  0.88390216]\n",
      " [ 1.08118947  1.1288883   1.04611984  1.00270355]\n",
      " [ 0.96331258  1.04611984  1.03500728  1.02421778]\n",
      " [ 0.88390216  1.00270355  1.02421778  1.07990251]]\n",
      "[[ 1.19239977  1.17556416  1.08957612  0.92899221]\n",
      " [ 1.17556416  1.24076381  1.20512019  1.08416104]\n",
      " [ 1.08957612  1.20512019  1.26010983  1.18451102]\n",
      " [ 0.92899221  1.08416104  1.18451102  1.19075692]]\n",
      "[[ 1.18846825  1.12805765  1.06139489  0.91710284]\n",
      " [ 1.12805765  1.12914278  1.09667973  0.994223  ]\n",
      " [ 1.06139489  1.09667973  1.14306096  1.08836177]\n",
      " [ 0.91710284  0.994223    1.08836177  1.13680978]]\n",
      "[[ 1.21698358  1.1714229   1.08454512  0.89057757]\n",
      " [ 1.1714229   1.19214898  1.14787608  0.99735688]\n",
      " [ 1.08454512  1.14787608  1.18676815  1.08618342]\n",
      " [ 0.89057757  0.99735688  1.08618342  1.08109638]]\n",
      "[[ 1.32379565  1.26309376  1.14067663  0.96755081]\n",
      " [ 1.26309376  1.27017258  1.1893622   1.05497206]\n",
      " [ 1.14067663  1.1893622   1.1850517   1.10229647]\n",
      " [ 0.96755081  1.05497206  1.10229647  1.1125543 ]]\n",
      "[[ 1.37132164  1.36725087  1.23673804  1.06239825]\n",
      " [ 1.36725087  1.43584925  1.33785441  1.19408638]\n",
      " [ 1.23673804  1.33785441  1.31160391  1.21979532]\n",
      " [ 1.06239825  1.19408638  1.21979532  1.21189447]]\n",
      "[[ 0.95806392  0.92186672  0.8364619   0.70350242]\n",
      " [ 0.92186672  0.95788628  0.91129909  0.81163768]\n",
      " [ 0.8364619   0.91129909  0.95554432  0.8925363 ]\n",
      " [ 0.70350242  0.81163768  0.8925363   0.90225374]]\n",
      "[[ 1.14053422  1.08730123  0.99881617  0.82546855]\n",
      " [ 1.08730123  1.11303148  1.06913504  0.93651976]\n",
      " [ 0.99881617  1.06913504  1.09501477  1.0065906 ]\n",
      " [ 0.82546855  0.93651976  1.0065906   1.00658247]]\n",
      "[[ 1.44715681  1.42982883  1.33343744  1.16099357]\n",
      " [ 1.42982883  1.49734236  1.44111839  1.31122094]\n",
      " [ 1.33343744  1.44111839  1.46150592  1.37855251]\n",
      " [ 1.16099357  1.31122094  1.37855251  1.39359954]]\n",
      "[[ 1.13493885  1.10492351  1.0081414   0.86996566]\n",
      " [ 1.10492351  1.15246     1.0979108   0.99172384]\n",
      " [ 1.0081414   1.0979108   1.11815051  1.05000383]\n",
      " [ 0.86996566  0.99172384  1.05000383  1.04788027]]\n",
      "[[ 1.24093766  1.16107408  0.96724764  0.74571447]\n",
      " [ 1.16107408  1.18107014  1.06337895  0.89881361]\n",
      " [ 0.96724764  1.06337895  1.08505644  1.01210654]\n",
      " [ 0.74571447  0.89881361  1.01210654  1.04488853]]\n",
      "[[ 1.25838857  1.20045247  1.07404647  0.90944794]\n",
      " [ 1.20045247  1.2117291   1.1293896   1.00923207]\n",
      " [ 1.07404647  1.1293896   1.12707505  1.06337508]\n",
      " [ 0.90944794  1.00923207  1.06337508  1.09489282]]\n",
      "[[ 1.03601549  1.02457217  0.93720249  0.7968837 ]\n",
      " [ 1.02457217  1.07858474  1.02326213  0.91375818]\n",
      " [ 0.93720249  1.02326213  1.03923217  0.96832737]\n",
      " [ 0.7968837   0.91375818  0.96832737  0.96340226]]\n",
      "[[ 1.26297826  1.16178949  0.98556559  0.73210002]\n",
      " [ 1.16178949  1.13643458  1.0184591   0.81803619]\n",
      " [ 0.98556559  1.0184591   1.00922626  0.88409739]\n",
      " [ 0.73210002  0.81803619  0.88409739  0.87291442]]\n",
      "[[ 1.14878536  1.15139471  1.10566557  0.97819642]\n",
      " [ 1.15139471  1.21388338  1.20922734  1.11262702]\n",
      " [ 1.10566557  1.20922734  1.28735577  1.23227683]\n",
      " [ 0.97819642  1.11262702  1.23227683  1.25002712]]\n",
      "[[ 1.14615138  1.09838131  0.99578149  0.82352133]\n",
      " [ 1.09838131  1.13327716  1.08573842  0.96799898]\n",
      " [ 0.99578149  1.08573842  1.13513692  1.09317237]\n",
      " [ 0.82352133  0.96799898  1.09317237  1.1670973 ]]\n",
      "[[ 1.08728764  1.05862298  0.95557058  0.80355861]\n",
      " [ 1.05862298  1.08867783  1.02146515  0.90135238]\n",
      " [ 0.95557058  1.02146515  1.03400898  0.96138672]\n",
      " [ 0.80355861  0.90135238  0.96138672  0.96558272]]\n",
      "[[ 1.17607941  1.12693962  0.98968372  0.79707805]\n",
      " [ 1.12693962  1.14466144  1.04080478  0.88600356]\n",
      " [ 0.98968372  1.04080478  1.02656002  0.93247296]\n",
      " [ 0.79707805  0.88600356  0.93247296  0.93585199]]\n",
      "[[ 1.03012041  0.96303976  0.80380332  0.60536708]\n",
      " [ 0.96303976  0.95804387  0.83552353  0.6764635 ]\n",
      " [ 0.80380332  0.83552353  0.79727012  0.68449329]\n",
      " [ 0.60536708  0.6764635   0.68449329  0.66802165]]\n",
      "[[ 1.45022481  1.36444331  1.19396184  0.92406817]\n",
      " [ 1.36444331  1.34725271  1.2221802   0.99503414]\n",
      " [ 1.19396184  1.2221802   1.177564    1.00619819]\n",
      " [ 0.92406817  0.99503414  1.00619819  0.94322759]]\n",
      "[[ 1.17686268  1.09787964  0.93215024  0.74961493]\n",
      " [ 1.09787964  1.08127753  0.96011747  0.82639281]\n",
